cities <-
structure(list(sequence = 1:25, name = structure(c(4L, 20L, 8L, 
22L, 11L, 21L, 13L, 2L, 7L, 19L, 5L, 14L, 12L, 6L, 3L, 23L, 1L, 
15L, 25L, 24L, 17L, 18L, 9L, 10L, 16L), .Label = c("'s-Hertogenbosch", 
"Almere", "Amersfoort", "Amsterdam", "Apeldoorn", "Arnhem", "Breda", 
"Den Haag", "Dordrecht", "Ede", "Eindhoven", "Enschede", "Groningen", 
"Haarlem", "Haarlemmermeer", "Leeuwarden", "Leiden", "Maastricht", 
"Nijmegen", "Rotterdam", "Tilburg", "Utrecht", "Zaanstad", "Zoetermeer", 
"Zwolle"), class = "factor"), residents = c(838338L, 631155L, 
520704L, 339946L, 225020L, 212943L, 200487L, 198823L, 182424L, 
172322L, 159249L, 158305L, 157999L, 154497L, 153773L, 152678L, 
151752L, 144908L, 125097L, 124399L, 122915L, 122418L, 118496L, 
112593L, 108041L), latitude = c(52.5167747, 51.9244201, 52.0704978, 
52.0907374, 51.441642, 51.560596, 53.2193835, 52.3507849, 51.5719149, 
51.8125626, 52.211157, 52.3873878, 52.2215372, 51.9851034, 52.1561113, 
52.4579659, 51.6978162, 52.3003784, 52.5167747, 52.060669, 52.1601144, 
50.8513682, 51.8132979, 52.0401675, 53.2012334), longitude = c(6.0830219, 
4.4777325, 4.3006999, 5.1214201, 5.4697225, 5.0919143, 6.5665018, 
5.2647016, 4.768323, 5.8372264, 5.9699231, 4.6462194, 6.8936619, 
5.8987296, 5.3878266, 4.7510425, 5.3036748, 4.6743594, 6.0830219, 
4.494025, 4.4970097, 5.6909725, 4.6900929, 5.6648594, 5.7999133
)), .Names = c("sequence", "name", "residents", "latitude", "longitude"
), class = "data.frame", row.names = c(NA, -25L))
